[ freeze ]
   1    3    4    5    7    9   10   13   14   15   16   19   22   25   27
  28   30   32   33   34  101  105  107  110  111  113  116  117  119  120
 122  123  125  128  130  134  242  244  245  246  248  250  251  254  255
 256  257  260  263  266  269  271  273  274  275  281  285  287  290  291
 296  297  299  300  302  303  305  308  310  314  315  317  318  319  321
 323  324  327  328  329  330  333  336  339  341  342  344  346  347  348
 352  356  358  361  362  365  367  368  370  371  373  374  376  379  381
 385  386  388  389  390  392  394  395  398  399  400  401  404  407  410
 412  413  415  417  418  419  425  429  431  434  435  437  440  441  443
 444  446  447  449  452  454  458  460  462  463  464  466  468  469  472
 473  474  475  478  481  484  487  489  491  492  493  498  502  504  507
 508  513  514  516  517  519  520  522  525  527  531  532  534  535  536
 538  540  541  544  545  546  547  550  553  556  558  559  561  563  564
 565  570  574  576  579  580  585  586  588  589  591  592  594  597  599
 603  604  606  607  608  610  612  613  616  617  618  619  622  625  628
 630  631  633  635  636  637  642  646  648  651  652  654  655  657  658
 660  661  663  664  666  669  671  675  677  679  680  681  683  685  686
 689  691  692  693  696  699  702  704  705  707  709  710  711  717  721
 723  726  727  729  733  734  736  737  739  740  742  745  747  751  753
 755  756  757  759  761  762  765  767  768  769  772  775  778  780  781
 783  785  786  787  792  796  798  801  802  804  808  809  811  812  814
 815  817  820  822  826  827  829  830  831  833  835  836  839  841  842
 843  846  849  852  854  855  857  859  860  861  867  871  873  876  877
 879  883  884  886  887  889  890  892  895  897  901  902  904  905  906
 908  910  911  914  916  918  921  924  927  930  932  934  935  936  941
 945  947  950  951  953  957  958  960  961  963  964  966  969  971  975
 977  979  980  981  983  985  986  989  991  992  993  996  999 1002 1004
1005 1007 1009 1010 1011 1016 1020 1022 1025 1026 1028 1032 1033 1035 1036
1038 1039 1041 1044 1046 1050 1051 1053 1054 1055 1057 1059 1060 1063 1065
1066 1067 1070 1071 1073 1076 1077 1078 1079 1081 1083 1084 1085 1090 1094
1096 1099 1100 1102 1106 1107 1109 1110 1112 1113 1115 1118 1120 1124 1125
1127 1128 1129 1131 1133 1134 1137 1139 1140 1141 1144 1147 1150 1152 1153
1155 1157 1158 1159 1164 1168 1170 1173 1174 1176 1180 1181 1183 1184 1186
1187 1189 1192 1194 1198 1200 1202 1203 1204 1206 1208 1209 1212 1214 1215
1216 1219 1222 1225 1227 1228 1230 1232 1233 1234 1239 1243 1245 1248 1249
1251 1255 1256 1258 1259 1261 1262 1264 1267 1269 1273 1274 1276 1277 1278
1280 1282 1283 1286 1288 1289 1290 1293 1296 1299 1301 1302 1304 1306 1307
1308 1314 1318 1320 1323 1324 1326 1330 1331 1333 1334 1336 1337 1339 1342
1344 1348 1350 1352 1353 1354 1356 1358 1359 1362 1365 1366 1369 1372 1375
1377 1378 1380 1382 1383 1384 1388 1392 1394 1397 1398 1400 1404 1405 1407
1408 1410 1411 1413 1416 1418 1422 1423 1425 1426 1427 1429 1431 1432 1435
1437 1438 1439 1442 1445 1448 1450 1451 1453 1455 1456 1457 1463 1467 1469
1472 1473 1475 1479 1480 1482 1483 1485 1486 1488 1491 1493 1497 1499 1501
1502 1503 1505 1507 1508 1511 1513 1514 1515 1518 1521 1524 1526 1527 1529
1531 1532 1533 1538 1542 1544 1547 1548 1550 1554 1555 1557 1558 1560 1561
1563 1566 1568 1572 1573 1575 1576 1577 1579 1581 1582 1585 1587 1588 1589
1592 1595 1598 1600 1601 1603 1605 1606 1607 1613 1617 1619 1622 1623 1625
1629 1630 1632 1633 1635 1636 1638 1641 1643 1647 1649 1651 1652 1653 1655
1657 1658 1661 1663 1664 1665 1668 1671 1674 1676 1677 1679 1681 1682 1683
1687 1691 1693 1696 1697 1699 1703 1704 1707 1709 1710 1712 1715 1717 1721
1722 1723 1724 1725 1727 1729 1730 1732 1734 1735 1736 1739 1742 1745 1747
1748 1750 1752 1753 1754 1761 1763 1766 1768 1769 1772 1773 1775 1776 1778
1779 1781 1784 1786 1790 1791 1792 1793 1794 1796 1798 1799 1801 1803 1804
1805 1808 1811 1814 1817 1819 1821 1822 1823 1831 1833 1836 1838 1842 1843
1845 1846 1848 1849 1851 1854 1856 1860 1862 1863 1864 1865 1867 1869 1870
1872 1875 1876 1879 1882 1885 1887 1888 1890 1892 1893 1894 1901 1903 1906
1908 1912 1913 1915 1916 1918 1919 1921 1924 1926 1930 1931 1932 1933 1934
1936 1938 1939 1941 1943 1944 1945 1948 1951 1954 1956 1957 1959 1961 1962
1963 1970 1972 1975 1977 1978 1981 1982 1984 1985 1987 1988 1990 1993 1995
1999 2001 2002 2003 2004 2006 2008 2009 2011 2013 2014 2015 2018 2021 2024
2026 2027 2029 2031 2032 2033 2040 2042 2045 2047 2051 2052 2054 2055 2057
2058 2060 2063 2065 2069 2070 2071 2072 2073 2075 2077 2078 2080 2082 2083
2084 2087 2090 2093 2095 2096 2098 2100 2101 2102 2110 2112 2115 2117 2118
2121 2122 2124 2125 2127 2128 2130 2133 2135 2139 2140 2141 2142 2143 2145
2147 2148 2150 2152 2153 2154 2157 2160 2163 2165 2166 2168 2170 2171 2172
2179 2181 2184 2186 2190 2191 2193 2194 2196 2197 2199 2202 2204 2208 2212
2213 2216 2217 2221 2222 2226 2227 2231 2232 2236 2237 2241 2242 2244 2246
2248 2250 2252 2254 2256
